4
4,5
4,5,6
4,5,6,11
4,5,6,11,16
4,5,10,15
4,5,10,11,16
4,5,10,15,16
4,9
4,9,10,11
4,9,10,11,16
4,9,10,15
4,9,10,15,16
4,5,
4,9,14
4,9,14,15
4,9,14,15,16

5,4,9
5,4,9,14
5,6
5,6,11
5,6,11,16
5,10,9
5,10,9,14
5,10,11
5,10,11,16
5,10,15
5,10,15,14
5,10,15,16

6
6,5,4,9
6,5,4,9,14
6,5,10,9
6,5,10,9,14
6,5,10,15
6,5,10,15,14
6,11
6,11,10,9
6,11,10,15
6,11,10,9,14
6,11,10,15,14
6,11,16
6,11,16,15,14
6,11,16,15

9,10,11
9,10,11,16
9,10,15
9,14
9,14,15
9,10,15,16
9,14,15,16

11,10,9,14
11,10,15
11,10,15,14
11,16
11,16,15
11,16,15,14

14
14,5
14,15,16

15,16

16
