5
5 6
5 6 7
5 6 7 12
5 6 7 12 17
5 6 11 16
5 6 11 12 17
5 6 11 16 17
5 10
5 10 11 12
5 10 11 12 17
5 10 11 16
5 10 11 16 17
5 6 
5 10 15
5 10 15 16
5 10 15 16 17

6 5 10
6 5 10 15
6 7
6 7 12
6 7 12 17
6 11 10
6 11 10 15
6 11 12
6 11 12 17
6 11 16
6 11 16 15
6 11 16 17

7
7 6 5 10
7 6 5 10 15
7 6 11 10
7 6 11 10 15
7 6 11 16
7 6 11 16 15
7 12
7 12 11 10
7 12 11 16
7 12 11 10 15
7 12 11 16 15
7 12 17
7 12 17 16 15
7 12 17 16

10 11 12
10 11 12 17
10 11 16
10 15
10 15 16
10 11 16 17
10 15 16 17

12 11 10 15
12 11 16
12 11 16 15
12 17
12 17 16
12 17 16 15

15
15 6
15 16 17

16 17

17
